function cm_data=whitejet(m)
cm = [0.941176474094391,0.941176474094391,0.941176474094391;0.924664616584778,0.924664616584778,0.942208468914032;0.908152759075165,0.908152759075165,0.943240463733673;0.891640841960907,0.891640841960907,0.944272458553314;0.875128984451294,0.875128984451294,0.945304453372955;0.858617126941681,0.858617126941681,0.946336448192596;0.842105269432068,0.842105269432068,0.947368443012238;0.825593411922455,0.825593411922455,0.948400437831879;0.809081554412842,0.809081554412842,0.949432432651520;0.792569637298584,0.792569637298584,0.950464427471161;0.776057779788971,0.776057779788971,0.951496362686157;0.759545922279358,0.759545922279358,0.952528357505798;0.743034064769745,0.743034064769745,0.953560352325440;0.726522207260132,0.726522207260132,0.954592347145081;0.710010349750519,0.710010349750519,0.955624341964722;0.693498432636261,0.693498432636261,0.956656336784363;0.676986575126648,0.676986575126648,0.957688331604004;0.660474717617035,0.660474717617035,0.958720326423645;0.643962860107422,0.643962860107422,0.959752321243286;0.627451002597809,0.627451002597809,0.960784316062927;0.610939085483551,0.610939085483551,0.961816310882568;0.594427227973938,0.594427227973938,0.962848305702210;0.577915370464325,0.577915370464325,0.963880300521851;0.561403512954712,0.561403512954712,0.964912295341492;0.544891655445099,0.544891655445099,0.965944290161133;0.528379797935486,0.528379797935486,0.966976284980774;0.511867880821228,0.511867880821228,0.968008279800415;0.495356053113937,0.495356053113937,0.969040274620056;0.478844165802002,0.478844165802002,0.970072269439697;0.462332308292389,0.462332308292389,0.971104204654694;0.445820420980454,0.445820420980454,0.972136199474335;0.429308563470840,0.429308563470840,0.973168194293976;0.412796705961227,0.412796705961227,0.974200189113617;0.396284818649292,0.396284818649292,0.975232183933258;0.379772961139679,0.379772961139679,0.976264178752899;0.363261103630066,0.363261103630066,0.977296173572540;0.346749216318130,0.346749216318130,0.978328168392181;0.330237358808517,0.330237358808517,0.979360163211822;0.313725501298904,0.313725501298904,0.980392158031464;0.297213613986969,0.297213613986969,0.981424152851105;0.280701756477356,0.280701756477356,0.982456147670746;0.264189898967743,0.264189898967743,0.983488142490387;0.247678026556969,0.247678026556969,0.984520137310028;0.231166154146194,0.231166154146194,0.985552132129669;0.214654281735420,0.214654281735420,0.986584126949310;0.198142409324646,0.198142409324646,0.987616121768951;0.181630551815033,0.181630551815033,0.988648116588592;0.165118679404259,0.165118679404259,0.989680111408234;0.148606806993484,0.148606806993484,0.990712046623230;0.132094949483871,0.132094949483871,0.991744041442871;0.115583077073097,0.115583077073097,0.992776036262512;0.0990712046623230,0.0990712046623230,0.993808031082153;0.0825593397021290,0.0825593397021290,0.994840025901794;0.0660474747419360,0.0660474747419360,0.995872020721436;0.0495356023311620,0.0495356023311620,0.996904015541077;0.0330237373709680,0.0330237373709680,0.997936010360718;0.0165118686854840,0.0165118686854840,0.998968005180359;0,0,1;0,0.0181818176060920,1;0,0.0363636352121830,1;0,0.0545454546809200,1;0,0.0727272704243660,1;0,0.0909090936183930,1;0,0.109090909361839,1;0,0.127272725105286,1;0,0.145454540848732,1;0,0.163636356592178,1;0,0.181818187236786,1;0,0.200000002980232,1;0,0.218181818723679,1;0,0.236363634467125,1;0,0.254545450210571,1;0,0.272727280855179,1;0,0.290909081697464,1;0,0.309090912342072,1;0,0.327272713184357,1;0,0.345454543828964,1;0,0.363636374473572,1;0,0.381818175315857,1;0,0.400000005960464,1;0,0.418181806802750,1;0,0.436363637447357,1;0,0.454545468091965,1;0,0.472727268934250,1;0,0.490909099578857,1;0,0.509090900421143,1;0,0.527272701263428,1;0,0.545454561710358,1;0,0.563636362552643,1;0,0.581818163394928,1;0,0.600000023841858,1;0,0.618181824684143,1;0,0.636363625526428,1;0,0.654545426368713,1;0,0.672727286815643,1;0,0.690909087657928,1;0,0.709090888500214,1;0,0.727272748947144,1;0,0.745454549789429,1;0,0.763636350631714,1;0,0.781818211078644,1;0,0.800000011920929,1;0,0.818181812763214,1;0,0.836363613605499,1;0,0.854545474052429,1;0,0.872727274894714,1;0,0.890909075737000,1;0,0.909090936183929,1;0,0.927272737026215,1;0,0.945454537868500,1;0,0.963636338710785,1;0,0.981818199157715,1;0,1,1;0.0120481923222540,1,0.987951815128326;0.0240963846445080,1,0.975903630256653;0.0361445769667630,1,0.963855445384979;0.0481927692890170,1,0.951807200908661;0.0602409653365610,1,0.939759016036987;0.0722891539335250,1,0.927710831165314;0.0843373462557790,1,0.915662646293640;0.0963855385780330,1,0.903614461421967;0.108433738350868,1,0.891566276550293;0.120481930673122,1,0.879518091678619;0.132530122995377,1,0.867469906806946;0.144578307867050,1,0.855421662330627;0.156626507639885,1,0.843373477458954;0.168674692511559,1,0.831325292587280;0.180722892284393,1,0.819277107715607;0.192771077156067,1,0.807228922843933;0.204819276928902,1,0.795180737972260;0.216867476701736,1,0.783132553100586;0.228915661573410,1,0.771084308624268;0.240963861346245,1,0.759036123752594;0.253012061119080,1,0.746987938880920;0.265060245990753,1,0.734939754009247;0.277108430862427,1,0.722891569137573;0.289156615734100,1,0.710843384265900;0.301204830408096,1,0.698795199394226;0.313253015279770,1,0.686747014522552;0.325301200151444,1,0.674698770046234;0.337349385023117,1,0.662650585174560;0.349397599697113,1,0.650602400302887;0.361445784568787,1,0.638554215431213;0.373493969440460,1,0.626506030559540;0.385542154312134,1,0.614457845687866;0.397590368986130,1,0.602409660816193;0.409638553857803,1,0.590361416339874;0.421686738729477,1,0.578313231468201;0.433734953403473,1,0.566265046596527;0.445783138275146,1,0.554216861724854;0.457831323146820,1,0.542168676853180;0.469879508018494,1,0.530120491981506;0.481927722692490,1,0.518072307109833;0.493975907564163,1,0.506024122238159;0.506024122238159,1,0.493975907564163;0.518072307109833,1,0.481927722692490;0.530120491981506,1,0.469879508018494;0.542168676853180,1,0.457831323146820;0.554216861724854,1,0.445783138275146;0.566265046596527,1,0.433734953403473;0.578313231468201,1,0.421686738729477;0.590361416339874,1,0.409638553857803;0.602409660816193,1,0.397590368986130;0.614457845687866,1,0.385542154312134;0.626506030559540,1,0.373493969440460;0.638554215431213,1,0.361445784568787;0.650602400302887,1,0.349397599697113;0.662650585174560,1,0.337349385023117;0.674698770046234,1,0.325301200151444;0.686747014522552,1,0.313253015279770;0.698795199394226,1,0.301204830408096;0.710843384265900,1,0.289156615734100;0.722891569137573,1,0.277108430862427;0.734939754009247,1,0.265060245990753;0.746987938880920,1,0.253012061119080;0.759036123752594,1,0.240963861346245;0.771084308624268,1,0.228915661573410;0.783132553100586,1,0.216867476701736;0.795180737972260,1,0.204819276928902;0.807228922843933,1,0.192771077156067;0.819277107715607,1,0.180722892284393;0.831325292587280,1,0.168674692511559;0.843373477458954,1,0.156626507639885;0.855421662330627,1,0.144578307867050;0.867469906806946,1,0.132530122995377;0.879518091678619,1,0.120481930673122;0.891566276550293,1,0.108433738350868;0.903614461421967,1,0.0963855385780330;0.915662646293640,1,0.0843373462557790;0.927710831165314,1,0.0722891539335250;0.939759016036987,1,0.0602409653365610;0.951807200908661,1,0.0481927692890170;0.963855445384979,1,0.0361445769667630;0.975903630256653,1,0.0240963846445080;0.987951815128326,1,0.0120481923222540;1,1,0;1,0.983333349227905,0;1,0.966666638851166,0;1,0.949999988079071,0;1,0.933333337306976,0;1,0.916666686534882,0;1,0.899999976158142,0;1,0.883333325386047,0;1,0.866666674613953,0;1,0.850000023841858,0;1,0.833333313465118,0;1,0.816666662693024,0;1,0.800000011920929,0;1,0.783333361148834,0;1,0.766666650772095,0;1,0.750000000000000,0;1,0.733333349227905,0;1,0.716666638851166,0;1,0.699999988079071,0;1,0.683333337306976,0;1,0.666666686534882,0;1,0.649999976158142,0;1,0.633333325386047,0;1,0.616666674613953,0;1,0.600000023841858,0;1,